 1 165 248 106 147 1112  905 494
 2  42 133 122  90  982  669 954
 3 116 247 340 242  808  609 645
 4 181 342 184 293 1668  901 602
 5  69 415 173 191 1534 1368 780
 6 130 357 477 220 1566 1183 788
 7  25  88  68 103 1017  724 468
 8  36 127  42  28 1457 1102 637
 9 168 266 289 186 1509  787 697
10 108 432 255 226 1494  955 765
11  97 518 286 355 1902 1386 862
12 103 397 266 283 1056 1036 776
13  94 194 522 267 1674 1392 848
14  50 230 157 144 1530 1281 488
15  51 229  85 148 1206  756 483
16 125 276 524 217 1496 1003 739
