 135   221   153   740   210    74   689   442    46   752   198    61   465   208   656
   698   320   491   174   567   121   356   264   473   228   723   613   196   244   429
   222   652   445   785     6   730   158   243    52    85   380   686   477   752   109
    93   398   622   149   548   328   724   768   668   377   351   528   128    75   728
   706   332   426   368   230   445   671    50   647   109   536   747   234   205   101
   687   740   146   435   732    48   165   137   532   590   165   621   237   655   252
   715   437   753   317   382   513   593    22   518   749   331   790   776   226    59
    75   517   686   367   382   655   560   618   376   182    51   102   641   165   171
   138   521   312   296   643   631    54   316   280   448   782   552   397   270   700
   669    40   214   556   328   664   575    43   310   651   486   469    96   509    42
   596   750   516   620   722   513   683   447   724   673   528   475   427   162   789
   302    39   453   203   729   493   268   311   523   441   714    51   160   689     7
   776   256   119   129   515   455   671   136   180   434   154   673   251   762   672
   244   251   334   382     0   202   178   644   594   495   168   403   649    42   692
   350   657   626   121   595   303   768    41   758   254   450   613   110   282   415
   501   226   277   289   186   664   703   546   318   376   454   462   272   191   599
   311   678   146   102   316   528   501   714   280    39   394   404   197   487    48
   425   397   525   770   609   263   176   191   151   763   728   404   360    17   718
     5   377   241   201   290   631   513   150   445   327   446   264   694   610   365
   617   784   438   557   401   443     5   642   496   329    44   428   351   371   363
   360   316   374    10   654   199   627   410   521   797   120   218   417   332   272
   221   580   673    26   630    59   352   511   715   127   659    21    62   721   590
   124   773   604   565   373    74    91   307   415    92   229   746   137   170    59
   448   487   691   219   564   267   114   782   592   656    57    63     1   336   390
   564   334   282   243   474   432   597   294   115   765   669   258   598   628   706
     2   239   414   311     2   352   115   610   490    75    21   417    70   141   191
    70     6   750   518   778   522   287   491   317   325   717   314   259   527   281
   251   590   486   177   179   335    94   241     0   485   195   519   131    59   214
   645   264   355   175   179   465   129   155   660   383   251   384    44   778   623
   392   651    17   407   183   386   205   203    42   406   481   627   236   481   418
   151   582   261   419   507   580    37   528   713   339   753   763   461   490   493
   665   123   653    67   677   313   542   587   550   149   698   676   327   157   494
   447   315   401   638   787   598   625   204   656   121   483   193    65   776   744
    56    48   695   480   204   708   146   311   676   173   703   320   370   656   193
    63   496   358   691   273   208   728   757   731   756   199   659   684   618   208
   735   170    22   195   362   730   391   493   173   292    17   589    32   129   738
   202   547   762   522   765   450   313   113   542    49   703   329   720   372   682
   113   137   267   324   612   151   588   412    36   289   664   351    29    44   407
   452   403   303   329   325    39   279   792   351   383   279    11   105   396   770
   697   434   700   777   319   547   103    38   309   446   712   669   555   447   241
   670   246    83   692   146   297   470   552   756    73   425   269   344   636   760
   475   656   726   442   272   326   196   784   458   315    31   508   415    65   185
   228   230    60   764   226   136   474    97   765   347   646   359   639   413   657
   642   376   318   468   202   466   535   297   386   351   533   469   683   123   603
   686   687   333   648    85   617   710   302   273   542   195   626   124    25   602
   794   417   409   694   784   550    56   551   353   774   488    39   636   116   279
   392   669   228   670   690   275   508   263   744   613   131   105   657   586   106
   194   435   789   710   681   563   483   651   725   369   769   712   343   623   352
    26   674   766   133   797   403    43   192   194   513   175   373   365   396   200
   175   538   686   182   409   478   380    13   566   743   762   195   701   496   481
   353   321   767   482   246    52   352   267   644   401   415   103   448    60   782
   106   507    62   663   307   425   691   794   226   281   681   685    86   213   660
     8   237   172   365   673   500   383   679   163   236   775   789   358   265   508
    38    49   707   171   101   488   785   356   580   301   731   258   209    71   195
   166   621   621   731   298   614   716   333   368   391   402   320   190   763   580
    72   646   748   618    72   450   532   328   179   570   121   579   562   261   413
   383   556   285   100   747   331   575   310    70   511   149   441   354   378   771
   460   627   751   203   331   218   703   583   588   281   409   708   392   798   137
   556   776   364   206   500   726   181   495    50   291   481   610   114   575   662
   666   286   237   396   409   278    96   584    29   191   533   636   120   166   233
   188    23   331    21    83    10   448   337   354   398   215   134   509   346   108
   541   451   621   591   583   328   660   144   122   381   539   255   385   281   620
   414   511   222   713   339   266    20   133   692   664   364   211   151   409   538
    27   553   422   557   100   435   313   693    52   718   785   531   777   611   165
    16   124   480   748   232   136   193   228    63   697   594   644   616    60   417
   130     4   526   625   139   112   620   592   419   258   478   398   594   384    20
   246   719   188   282   326   552   297   187   437   731   220   524   304   421   439
   729   168   379   576   796   137    82   349   781   305    89   385   333    24   637
   116   417   531   727   188   509   748   209   223   163   602   637   677    33   531
   599   782   382   589   225   411   383   347     9   391   428   272   551   275   750
   153   715   381    18   645    85   635    48   503   649   595   104   216   568    13
   405   508   311   390   585   156   761   327   385   301   496   206    93   390   640
   597    99   408   458    35   339    26   773   557   222   548   124   457   560   407
   607   688    70   617   592    82   170    82   582    29   639   757    40   502   491
   525   216   289   650   263   626   780   501   355   381   406   753   433   396   399
    43   108   531    50   590   688   141   200   120   591   225   610   647   261   665
    84    89   401   193   482   286   587   196   139   115    99   374   595   104   219
   300   378   129   476   330   570   154   312   139   570   724   293   764   143   157
   342    92   610   577    16   168   773   767   616   754   216   601   429   662    74
    95   404   444    65   681   155   393   790   373   391   601   557   260   770   429
